0 1 2 3 4 6 7 8 10 12 13 16 19 20 22 24 29 37 42 45 48 55 58
1 0 2 3 5 6 7 11 14 21 22 28 38 42 49 52 56
2 0 1 3 4 5 6 8 25 31 33 36 47 55 58
3 0 1 2 4 5 14 15 50
4 2 0 3 25
5 2 1 3 7 8 9 10 11 14 19 21 22 23 24 28 29 42 43 47 50 51
6 2 1 0 9 16 20 21 26 46
7 0 1 5 12 18 23 32 34 35 36 39 41
8 2 0 5 9 10 13 15 20 27 28 32 33 40 41 43
9 8 5 6 17 23 32 44 46
10 5 0 8 11 12 31 34
11 1 5 10 19 54 58
12 7 10 0 13 17 24 49 53
13 0 12 8 15 16 18 25 27 30 44 51 53 54
14 5 1 3 18 26 30 45
15 3 8 13
16 0 6 13 17 35 43 57
17 16 9 12 45 56
18 7 13 14 31 36
19 0 11 5 29 51
20 6 8 0
21 6 5 1 26 39
22 1 0 5 27 54
23 5 9 7 34 37 44
24 0 5 12 30
25 2 4 13 40
26 6 14 21 37 38 40 55
27 13 8 22 48
28 5 8 1 33 38 48
29 5 19 0
30 24 13 14
31 10 18 2 35
32 7 8 9
33 2 8 28 41
34 23 10 7
35 16 31 7 50
36 2 18 7 49
37 0 23 26 39 57
38 26 28 1
39 37 7 21
40 8 26 25
41 8 33 7
42 0 5 1 53 59
43 16 8 5 59
44 23 9 13 46 47
45 17 14 0 57
46 44 9 6 52
47 2 44 5
48 28 0 27
49 1 36 12
50 5 35 3 52
51 13 5 19
52 50 1 46
53 12 42 13 56
54 13 11 22
55 26 0 2
56 1 53 17
57 37 16 45
58 2 0 11 59
59 43 58 42
0
