0 1 2 3 4 5 6 7 15 28 48
1 0 2 3 4 5 6 8 9 11 12 18 19 21 23 24 25 27 30 33 43 44
2 0 1 3 6 9 10 11 17 18 20 22 25 26 32 34 36 37 38 40 41 45 46 48
3 2 0 1 4 5 8 10 12 14 15 16 20 22 24
4 0 1 3 7 16 35 40
5 1 0 3 29 35 39
6 2 0 1 7 8 11 14 28 29 38 40 42
7 0 4 6 30 37
8 1 6 3 9 12 13 21 49
9 1 8 2 10 13 17 18 19 26 27 32 35 36 41 46 47
10 2 3 9 25 31 37 49
11 6 1 2 17 33 39
12 8 1 3 13 14 15 16 21 23 27
13 8 12 9 22 31
14 6 12 3 34
15 3 0 12 19
16 3 12 4
17 2 9 11 20
18 1 9 2 24 38 44
19 1 9 15 26
20 17 2 3 45
21 8 1 12 23
22 3 13 2 28 47
23 12 21 1 31
24 18 1 3 41 43
25 1 10 2 29
26 2 9 19 32 33 42
27 9 12 1 30
28 22 6 0 43
29 6 25 5
30 27 1 7 34
31 23 10 13 42
32 26 9 2 36 48
33 1 26 11
34 14 30 2
35 5 4 9 44
36 2 9 32 45
37 10 2 7
38 18 6 2 39
39 11 5 38 46
40 4 6 2
41 2 24 9
42 26 6 31
43 24 1 28 47 49
44 18 1 35
45 20 36 2
46 2 9 39
47 9 43 22
48 2 32 0
49 10 43 8
