0 1 2 3 4 5 6 7 8 9 23 27 36
1 0 2 3 4 5 7 8 12 18 30 31 41 43
2 0 1 3 5 15 20 25 35 38 44 46 49
3 0 1 2 4 6 10 11 15 16 25 27
4 3 0 1 6 12 32 38
5 0 2 1 7 10 13 14 18 19 24 31 42 46
6 0 3 4 8 9 11 15 18 20 21 26 28 36 38 39 41
7 1 5 0 19
8 0 1 6 9 10 12 13 14 16 17 20 22 29 30 31 34 37 42 44 48
9 6 8 0 11 23
10 8 3 5 13 19 21 28 35 45
11 6 9 3
12 8 1 4 14 21 22 23 33 40 49
13 5 8 10 17 27 30 33 34 37
14 12 5 8 16 47
15 3 6 2 17 47
16 14 8 3 32 45
17 15 13 8 25
18 5 6 1
19 10 7 5 24 28 29 36 47
20 8 6 2 22 29 41 43 46
21 6 10 12
22 8 12 20 26 33 39 40
23 9 12 0 24 26
24 19 23 5
25 17 2 3
26 23 22 6 42
27 3 0 13 32
28 6 19 10 34 37 39 43 44
29 19 8 20
30 1 13 8 35
31 1 5 8
32 16 4 27 40
33 22 12 13
34 13 8 28 45
35 2 10 30
36 6 0 19
37 8 28 13
38 2 4 6
39 28 22 6 48
40 22 32 12
41 1 6 20
42 8 26 5 48
43 28 1 20
44 8 2 28
45 16 34 10 49
46 2 20 5
47 15 19 14
48 8 42 39
49 2 12 45
